0.000000 11.933670 38.966080 7.230468 37.540836 39.254131 39.582581 7.259978 9.625734 37.944283 19.177561 39.089935 37.654713 37.325695 11.297806 7.425615 38.079693 37.360542 38.917343 39.218304 
11.933670 0.000000 36.186283 8.304205 35.323463 37.020866 37.232788 8.692557 6.774859 35.221634 19.936934 36.710484 35.573372 34.990192 6.811966 9.673643 35.741398 35.344898 37.331276 37.331551 
38.966080 36.186283 0.000000 38.432137 37.093552 38.438297 38.684200 37.503014 37.531635 37.032040 41.212132 8.016376 10.529457 36.818707 36.649624 37.786686 37.488056 11.533555 39.031288 38.843250 
7.230468 8.304205 38.432133 0.000000 37.263577 38.843216 39.182037 6.787280 8.219280 37.256912 20.355801 38.573978 37.224117 36.861820 7.494619 5.738060 37.714184 37.027184 38.828548 39.066483 
37.540840 35.323463 37.093552 37.263577 0.000000 7.359888 11.987776 36.609314 36.566460 36.052811 40.366955 37.310493 35.975555 35.623013 35.738544 36.909397 36.341301 35.813007 37.400951 7.058941 
39.254135 37.020866 38.438297 38.843216 7.359888 0.000000 11.301006 38.101223 38.192989 37.549416 41.673389 39.020355 37.757572 37.175346 37.162769 38.298523 37.978291 37.461269 39.178780 6.131980 
39.582581 37.232788 38.684204 39.182037 11.987776 11.301006 0.000000 38.055893 38.340275 37.864330 42.658489 39.082020 37.916538 37.786106 37.304600 38.623013 38.572853 38.210274 39.289818 13.699536 
7.259978 8.692557 37.503014 6.787279 36.609314 38.101219 38.055889 0.000000 6.949462 36.777817 20.789261 38.000744 36.921761 36.451630 8.646086 5.705990 37.275517 36.954575 38.056866 38.494648 
9.625734 6.774859 37.531635 8.219280 36.566460 38.192989 38.340275 6.949462 0.000000 36.721710 18.908415 38.094288 36.819344 36.410385 7.212395 8.938989 37.062355 36.607899 38.264805 38.305367 
37.944283 35.221634 37.032040 37.256912 36.052811 37.549416 37.864330 36.777817 36.721710 0.000000 40.706451 37.388401 35.936493 12.829889 35.331730 36.873535 11.740249 35.775517 16.009951 37.818089 
19.177561 19.936934 41.212128 20.355801 40.366955 41.673386 42.658489 20.789261 18.908415 40.706451 0.000000 42.163967 41.144512 39.935009 20.547991 20.328304 40.016972 39.760357 41.857605 41.040447 
39.089935 36.710484 8.016376 38.573978 37.310493 39.020355 39.082020 38.000744 38.094288 37.388401 42.163967 0.000000 6.648760 37.049698 36.932495 38.220356 37.849140 10.062229 38.913265 39.204632 
37.654713 35.573372 10.529457 37.224117 35.975555 37.757572 37.916538 36.921761 36.819344 35.936493 41.144512 6.648760 0.000000 35.574238 35.385246 37.038017 36.481728 7.120874 37.408836 37.788002 
37.325695 34.990192 36.818707 36.861820 35.623013 37.175350 37.786110 36.451630 36.410385 12.829889 39.935009 37.049698 35.574238 0.000000 35.166447 36.526981 6.706154 35.137085 9.200697 37.292835 
11.297806 6.811966 36.649620 7.494619 35.738544 37.162769 37.304600 8.646086 7.212395 35.331730 20.547991 36.932495 35.385246 35.166447 0.000000 7.819406 36.054501 35.246696 37.461731 37.435413 
7.425615 9.673643 37.786686 5.738060 36.909397 38.298523 38.623009 5.705990 8.938989 36.873535 20.328304 38.220356 37.038017 36.526981 7.819406 0.000000 37.366169 36.884254 38.452885 38.643074 
38.079693 35.741398 37.488056 37.714184 36.341305 37.978291 38.572853 37.275517 37.062355 11.740249 40.016972 37.849140 36.481728 6.706154 36.054501 37.366173 0.000000 35.990681 8.906974 37.999176 
37.360542 35.344898 11.533556 37.027184 35.813007 37.461269 38.210274 36.954575 36.607899 35.775517 39.760357 10.062229 7.120874 35.137085 35.246696 36.884254 35.990681 0.000000 37.354816 37.298279 
38.917343 37.331276 39.031288 38.828548 37.400951 39.178783 39.289822 38.056866 38.264805 16.009951 41.857605 38.913265 37.408836 9.200697 37.461731 38.452888 8.906974 37.354816 0.000000 39.226509 
39.218307 37.331551 38.843250 39.066483 7.058941 6.131980 13.699536 38.494652 38.305363 37.818092 41.040447 39.204632 37.788002 37.292835 37.435413 38.643074 37.999176 37.298283 39.226513 0.000000 
